./positive/P_20151122_144704_001.jpg  1  1 1 3262 2446
./positive/P_20151122_144704_002.jpg  1  1 1 3262 2446
./positive/P_20151122_144704_003.jpg  1  1 1 3262 2446
./positive/P_20151122_144704_004.jpg  1  1 1 3262 2446
./positive/P_20151122_144704_005.jpg  1  1 1 3262 2446
./positive/P_20151122_144704_006.jpg  1  1 1 3262 2446
./positive/P_20151122_144704_007.jpg  1  1 1 3262 2446
./positive/P_20151122_144704_008.jpg  1  1 1 3262 2446
./positive/P_20151122_144704_009.jpg  1  1 1 3262 2446
./positive/P_20151122_144704_010.jpg  1  1 1 3262 2446
./positive/P_20151122_144704_011.jpg  1  1 1 3262 2446
./positive/P_20151122_144704_012.jpg  1  1 1 3262 2446
./positive/P_20151122_144704_013.jpg  1  1 1 3262 2446
./positive/P_20151122_144704_014.jpg  1  1 1 3262 2446
./positive/P_20151122_144704_015.jpg  1  1 1 3262 2446
./positive/P_20151122_144704_016.jpg  1  1 1 3262 2446
./positive/P_20151122_144704_017.jpg  1  1 1 3262 2446
./positive/P_20151122_144704_018.jpg  1  1 1 3262 2446
./positive/P_20151122_144704_019.jpg  1  1 1 3262 2446
./positive/P_20151122_144704_020.jpg  1  1 1 3262 2446
./positive/P_20151122_144704_021.jpg  1  1 1 3262 2446
./positive/P_20151122_144704_022.jpg  1  1 1 3262 2446
./positive/P_20151122_144704_023.jpg  1  1 1 3262 2446
./positive/P_20151122_144704_024.jpg  1  1 1 3262 2446
./positive/P_20151122_144704_025.jpg  1  1 1 3262 2446
./positive/P_20151122_144704_026.jpg  1  1 1 3262 2446
./positive/P_20151122_144704_027.jpg  1  1 1 3262 2446
./positive/P_20151122_144704_028.jpg  1  1 1 3262 2446
./positive/P_20151122_144704_029.jpg  1  1 1 3262 2446
./positive/P_20151122_144704_030.jpg  1  1 1 3262 2446
./positive/P_20151122_144704_031.jpg  1  1 1 3262 2446
./positive/P_20151122_144704_032.jpg  1  1 1 3262 2446
./positive/P_20151122_144704_033.jpg  1  1 1 3262 2446
./positive/P_20151122_144704_034.jpg  1  1 1 3262 2446
./positive/P_20151122_144704_035.jpg  1  1 1 3262 2446
./positive/P_20151122_144704_036.jpg  1  1 1 3262 2446
./positive/P_20151122_144704_037.jpg  1  1 1 3262 2446
./positive/P_20151122_144704_038.jpg  1  1 1 3262 2446
./positive/P_20151122_144704_039.jpg  1  1 1 3262 2446
./positive/P_20151122_144704_040.jpg  1  1 1 3262 2446
./positive/P_20151122_144704_041.jpg  1  1 1 3262 2446
./positive/P_20151122_144704_042.jpg  1  1 1 3262 2446
./positive/P_20151122_144704_043.jpg  1  1 1 3262 2446
./positive/P_20151122_144704_044.jpg  1  1 1 3262 2446
./positive/P_20151122_144704_045.jpg  1  1 1 3262 2446
./positive/P_20151122_144704_046.jpg  1  1 1 3262 2446
./positive/P_20151122_144704_047.jpg  1  1 1 3262 2446
./positive/P_20151122_144704_048.jpg  1  1 1 3262 2446
./positive/P_20151122_144704_049.jpg  1  1 1 3262 2446
./positive/P_20151122_144704_050.jpg  1  1 1 3262 2446
./positive/P_20151122_144704_051.jpg  1  1 1 3262 2446
./positive/P_20151122_144704_052.jpg  1  1 1 3262 2446
./positive/P_20151122_144704_053.jpg  1  1 1 3262 2446
./positive/P_20151122_144704_054.jpg  1  1 1 3262 2446
./positive/P_20151122_144704_055.jpg  1  1 1 3262 2446
./positive/P_20151122_144704_056.jpg  1  1 1 3262 2446
./positive/P_20151122_144704_057.jpg  1  1 1 3262 2446
./positive/P_20151122_144704_058.jpg  1  1 1 3262 2446
./positive/P_20151122_144704_059.jpg  1  1 1 3262 2446
./positive/P_20151122_144704_060.jpg  1  1 1 3262 2446
./positive/P_20151122_144704_061.jpg  1  1 1 3262 2446
./positive/P_20151122_144704_062.jpg  1  1 1 3262 2446
./positive/P_20151122_144704_063.jpg  1  1 1 3262 2446
./positive/P_20151122_144704_064.jpg  1  1 1 3262 2446
./positive/P_20151122_144704_065.jpg  1  1 1 3262 2446
./positive/P_20151122_144704_066.jpg  1  1 1 3262 2446
./positive/P_20151122_144704_067.jpg  1  1 1 3262 2446
./positive/P_20151122_144704_068.jpg  1  1 1 3262 2446
./positive/P_20151122_144704_069.jpg  1  1 1 3262 2446
./positive/P_20151122_144704_070.jpg  1  1 1 3262 2446
./positive/P_20151122_144704_071.jpg  1  1 1 3262 2446
./positive/P_20151122_144704_072.jpg  1  1 1 3262 2446
./positive/P_20151122_144704_073.jpg  1  1 1 3262 2446
./positive/P_20151122_144704_074.jpg  1  1 1 3262 2446
./positive/P_20151122_144704_075.jpg  1  1 1 3262 2446
./positive/P_20151122_144704_076.jpg  1  1 1 3262 2446
./positive/P_20151122_144704_077.jpg  1  1 1 3262 2446
./positive/P_20151122_144704_078.jpg  1  1 1 3262 2446
./positive/P_20151122_144704_079.jpg  1  1 1 3262 2446
./positive/P_20151122_144704_080.jpg  1  1 1 3262 2446
./positive/P_20151122_144704_081.jpg  1  1 1 3262 2446
./positive/P_20151122_144704_082.jpg  1  1 1 3262 2446
./positive/P_20151122_144704_083.jpg  1  1 1 3262 2446
./positive/P_20151122_144704_084.jpg  1  1 1 3262 2446
./positive/P_20151122_144704_085.jpg  1  1 1 3262 2446
./positive/P_20151122_144704_086.jpg  1  1 1 3262 2446
./positive/P_20151122_144704_087.jpg  1  1 1 3262 2446
./positive/P_20151122_144704_088.jpg  1  1 1 3262 2446
./positive/P_20151122_144704_089.jpg  1  1 1 3262 2446
./positive/P_20151122_144704_090.jpg  1  1 1 3262 2446
./positive/P_20151122_144704_091.jpg  1  1 1 3262 2446
./positive/P_20151122_144704_092.jpg  1  1 1 3262 2446
./positive/P_20151122_144704_093.jpg  1  1 1 3262 2446
./positive/P_20151122_144704_094.jpg  1  1 1 3262 2446
./positive/P_20151122_144704_095.jpg  1  1 1 3262 2446
./positive/P_20151122_144704_096.jpg  1  1 1 3262 2446
./positive/P_20151122_144704_097.jpg  1  1 1 3262 2446
./positive/P_20151122_144704_098.jpg  1  1 1 3262 2446
./positive/P_20151122_144704_099.jpg  1  1 1 3262 2446
./positive/P_20151122_144704_100.jpg  1  1 1 3262 2446
./positive/P_20151122_144748_001.jpg  1  1 1 3262 2446
./positive/P_20151122_144748_002.jpg  1  1 1 3262 2446
./positive/P_20151122_144748_003.jpg  1  1 1 3262 2446
./positive/P_20151122_144748_004.jpg  1  1 1 3262 2446
./positive/P_20151122_144748_005.jpg  1  1 1 3262 2446
./positive/P_20151122_144748_006.jpg  1  1 1 3262 2446
./positive/P_20151122_144748_007.jpg  1  1 1 3262 2446
./positive/P_20151122_144748_008.jpg  1  1 1 3262 2446
./positive/P_20151122_144748_009.jpg  1  1 1 3262 2446
./positive/P_20151122_144748_010.jpg  1  1 1 3262 2446
./positive/P_20151122_144748_011.jpg  1  1 1 3262 2446
./positive/P_20151122_144748_012.jpg  1  1 1 3262 2446
./positive/P_20151122_144748_013.jpg  1  1 1 3262 2446
./positive/P_20151122_144748_014.jpg  1  1 1 3262 2446
./positive/P_20151122_144748_015.jpg  1  1 1 3262 2446
./positive/P_20151122_144748_016.jpg  1  1 1 3262 2446
./positive/P_20151122_144748_017.jpg  1  1 1 3262 2446
./positive/P_20151122_144748_018.jpg  1  1 1 3262 2446
./positive/P_20151122_144748_019.jpg  1  1 1 3262 2446
./positive/P_20151122_144748_020.jpg  1  1 1 3262 2446
./positive/P_20151122_144748_021.jpg  1  1 1 3262 2446
./positive/P_20151122_144748_022.jpg  1  1 1 3262 2446
./positive/P_20151122_144748_023.jpg  1  1 1 3262 2446
./positive/P_20151122_144748_024.jpg  1  1 1 3262 2446
./positive/P_20151122_144748_025.jpg  1  1 1 3262 2446
./positive/P_20151122_144748_026.jpg  1  1 1 3262 2446
./positive/P_20151122_144748_027.jpg  1  1 1 3262 2446
./positive/P_20151122_144748_028.jpg  1  1 1 3262 2446
./positive/P_20151122_144748_029.jpg  1  1 1 3262 2446
./positive/P_20151122_144748_030.jpg  1  1 1 3262 2446
./positive/P_20151122_144748_031.jpg  1  1 1 3262 2446
./positive/P_20151122_144748_032.jpg  1  1 1 3262 2446
./positive/P_20151122_144748_033.jpg  1  1 1 3262 2446
./positive/P_20151122_144748_034.jpg  1  1 1 3262 2446
./positive/P_20151122_144748_035.jpg  1  1 1 3262 2446
./positive/P_20151122_144748_036.jpg  1  1 1 3262 2446
./positive/P_20151122_144748_037.jpg  1  1 1 3262 2446
./positive/P_20151122_144748_038.jpg  1  1 1 3262 2446
./positive/P_20151122_144748_039.jpg  1  1 1 3262 2446
./positive/P_20151122_144748_040.jpg  1  1 1 3262 2446
./positive/P_20151122_144748_041.jpg  1  1 1 3262 2446
./positive/P_20151122_144748_042.jpg  1  1 1 3262 2446
./positive/P_20151122_144748_043.jpg  1  1 1 3262 2446
./positive/P_20151122_144748_044.jpg  1  1 1 3262 2446
./positive/P_20151122_144748_045.jpg  1  1 1 3262 2446
./positive/P_20151122_144748_046.jpg  1  1 1 3262 2446
./positive/P_20151122_144748_047.jpg  1  1 1 3262 2446
./positive/P_20151122_144748_048.jpg  1  1 1 3262 2446
./positive/P_20151122_144748_049.jpg  1  1 1 3262 2446
./positive/P_20151122_144748_050.jpg  1  1 1 3262 2446
./positive/P_20151122_144748_051.jpg  1  1 1 3262 2446
./positive/P_20151122_144748_052.jpg  1  1 1 3262 2446
./positive/P_20151122_144748_053.jpg  1  1 1 3262 2446
./positive/P_20151122_144748_054.jpg  1  1 1 3262 2446
./positive/P_20151122_144748_055.jpg  1  1 1 3262 2446
./positive/P_20151122_144748_056.jpg  1  1 1 3262 2446
./positive/P_20151122_144748_057.jpg  1  1 1 3262 2446
./positive/P_20151122_144748_058.jpg  1  1 1 3262 2446
./positive/P_20151122_144748_059.jpg  1  1 1 3262 2446
./positive/P_20151122_144748_060.jpg  1  1 1 3262 2446
./positive/P_20151122_144748_061.jpg  1  1 1 3262 2446
./positive/P_20151122_144748_062.jpg  1  1 1 3262 2446
./positive/P_20151122_144748_063.jpg  1  1 1 3262 2446
./positive/P_20151122_144748_064.jpg  1  1 1 3262 2446
./positive/P_20151122_144748_065.jpg  1  1 1 3262 2446
./positive/P_20151122_144748_066.jpg  1  1 1 3262 2446
./positive/P_20151122_144748_067.jpg  1  1 1 3262 2446
./positive/P_20151122_144748_068.jpg  1  1 1 3262 2446
./positive/P_20151122_144748_069.jpg  1  1 1 3262 2446
./positive/P_20151122_144748_070.jpg  1  1 1 3262 2446
./positive/P_20151122_144748_071.jpg  1  1 1 3262 2446
./positive/P_20151122_144748_072.jpg  1  1 1 3262 2446
./positive/P_20151122_144748_073.jpg  1  1 1 3262 2446
./positive/P_20151122_144748_074.jpg  1  1 1 3262 2446
./positive/P_20151122_144748_075.jpg  1  1 1 3262 2446
./positive/P_20151122_144748_076.jpg  1  1 1 3262 2446
./positive/P_20151122_144748_077.jpg  1  1 1 3262 2446
./positive/P_20151122_144748_078.jpg  1  1 1 3262 2446
./positive/P_20151122_144748_079.jpg  1  1 1 3262 2446
./positive/P_20151122_144748_080.jpg  1  1 1 3262 2446
./positive/P_20151122_144748_081.jpg  1  1 1 3262 2446
./positive/P_20151122_144748_082.jpg  1  1 1 3262 2446
./positive/P_20151122_144748_083.jpg  1  1 1 3262 2446
./positive/P_20151122_144748_084.jpg  1  1 1 3262 2446
./positive/P_20151122_144748_085.jpg  1  1 1 3262 2446
./positive/P_20151122_144748_086.jpg  1  1 1 3262 2446
./positive/P_20151122_144748_087.jpg  1  1 1 3262 2446
./positive/P_20151122_144748_088.jpg  1  1 1 3262 2446
./positive/P_20151122_144748_089.jpg  1  1 1 3262 2446
./positive/P_20151122_144748_090.jpg  1  1 1 3262 2446
./positive/P_20151122_144748_091.jpg  1  1 1 3262 2446
./positive/P_20151122_144748_092.jpg  1  1 1 3262 2446
./positive/P_20151122_144748_093.jpg  1  1 1 3262 2446
./positive/P_20151122_144748_094.jpg  1  1 1 3262 2446
./positive/P_20151122_144748_095.jpg  1  1 1 3262 2446
./positive/P_20151122_144748_096.jpg  1  1 1 3262 2446
./positive/P_20151122_144748_097.jpg  1  1 1 3262 2446
./positive/P_20151122_144748_098.jpg  1  1 1 3262 2446
./positive/P_20151122_144748_099.jpg  1  1 1 3262 2446
./positive/P_20151122_144748_100.jpg  1  1 1 3262 2446
./positive/P_20151122_144848_001.jpg  1  1 1 3262 2446
./positive/P_20151122_144848_002.jpg  1  1 1 3262 2446
./positive/P_20151122_144848_003.jpg  1  1 1 3262 2446
./positive/P_20151122_144848_004.jpg  1  1 1 3262 2446
./positive/P_20151122_144848_005.jpg  1  1 1 3262 2446
./positive/P_20151122_144848_006.jpg  1  1 1 3262 2446
./positive/P_20151122_144848_007.jpg  1  1 1 3262 2446
./positive/P_20151122_144848_008.jpg  1  1 1 3262 2446
./positive/P_20151122_144848_009.jpg  1  1 1 3262 2446
./positive/P_20151122_144848_010.jpg  1  1 1 3262 2446
./positive/P_20151122_144848_011.jpg  1  1 1 3262 2446
./positive/P_20151122_144848_012.jpg  1  1 1 3262 2446
./positive/P_20151122_144848_013.jpg  1  1 1 3262 2446
./positive/P_20151122_144848_014.jpg  1  1 1 3262 2446
./positive/P_20151122_144848_015.jpg  1  1 1 3262 2446
./positive/P_20151122_144848_016.jpg  1  1 1 3262 2446
./positive/P_20151122_144848_017.jpg  1  1 1 3262 2446
./positive/P_20151122_144848_018.jpg  1  1 1 3262 2446
./positive/P_20151122_144848_019.jpg  1  1 1 3262 2446
./positive/P_20151122_144848_020.jpg  1  1 1 3262 2446
./positive/P_20151122_144848_021.jpg  1  1 1 3262 2446
./positive/P_20151122_144848_022.jpg  1  1 1 3262 2446
./positive/P_20151122_144848_023.jpg  1  1 1 3262 2446
./positive/P_20151122_144848_024.jpg  1  1 1 3262 2446
./positive/P_20151122_144848_025.jpg  1  1 1 3262 2446
./positive/P_20151122_144848_026.jpg  1  1 1 3262 2446
./positive/P_20151122_144848_027.jpg  1  1 1 3262 2446
./positive/P_20151122_144848_028.jpg  1  1 1 3262 2446
./positive/P_20151122_144848_029.jpg  1  1 1 3262 2446
./positive/P_20151122_144848_030.jpg  1  1 1 3262 2446
./positive/P_20151122_144848_031.jpg  1  1 1 3262 2446
./positive/P_20151122_144848_032.jpg  1  1 1 3262 2446
./positive/P_20151122_144848_033.jpg  1  1 1 3262 2446
./positive/P_20151122_144848_034.jpg  1  1 1 3262 2446
./positive/P_20151122_144848_035.jpg  1  1 1 3262 2446
./positive/P_20151122_144848_036.jpg  1  1 1 3262 2446
./positive/P_20151122_144848_037.jpg  1  1 1 3262 2446
./positive/P_20151122_144848_038.jpg  1  1 1 3262 2446
./positive/P_20151122_144848_039.jpg  1  1 1 3262 2446
./positive/P_20151122_144848_040.jpg  1  1 1 3262 2446
./positive/P_20151122_144848_041.jpg  1  1 1 3262 2446
./positive/P_20151122_144848_042.jpg  1  1 1 3262 2446
./positive/P_20151122_144848_043.jpg  1  1 1 3262 2446
./positive/P_20151122_144848_044.jpg  1  1 1 3262 2446
./positive/P_20151122_144848_045.jpg  1  1 1 3262 2446
./positive/P_20151122_144848_046.jpg  1  1 1 3262 2446
./positive/P_20151122_144848_047.jpg  1  1 1 3262 2446
./positive/P_20151122_144848_048.jpg  1  1 1 3262 2446
./positive/P_20151122_144848_049.jpg  1  1 1 3262 2446
./positive/P_20151122_144848_050.jpg  1  1 1 3262 2446
./positive/P_20151122_144848_051.jpg  1  1 1 3262 2446
./positive/P_20151122_144848_052.jpg  1  1 1 3262 2446
./positive/P_20151122_144848_053.jpg  1  1 1 3262 2446
./positive/P_20151122_144848_054.jpg  1  1 1 3262 2446
./positive/P_20151122_144848_055.jpg  1  1 1 3262 2446
./positive/P_20151122_144848_056.jpg  1  1 1 3262 2446
./positive/P_20151122_144848_057.jpg  1  1 1 3262 2446
./positive/P_20151122_144848_058.jpg  1  1 1 3262 2446
./positive/P_20151122_144848_059.jpg  1  1 1 3262 2446
./positive/P_20151122_144848_060.jpg  1  1 1 3262 2446
./positive/P_20151122_144848_061.jpg  1  1 1 3262 2446
./positive/P_20151122_144848_062.jpg  1  1 1 3262 2446
./positive/P_20151122_144848_063.jpg  1  1 1 3262 2446
./positive/P_20151122_144848_064.jpg  1  1 1 3262 2446
./positive/P_20151122_144848_065.jpg  1  1 1 3262 2446
./positive/P_20151122_144848_066.jpg  1  1 1 3262 2446
./positive/P_20151122_144848_067.jpg  1  1 1 3262 2446
./positive/P_20151122_144848_068.jpg  1  1 1 3262 2446
./positive/P_20151122_144848_069.jpg  1  1 1 3262 2446
./positive/P_20151122_144848_070.jpg  1  1 1 3262 2446
./positive/P_20151122_144848_071.jpg  1  1 1 3262 2446
./positive/P_20151122_144848_072.jpg  1  1 1 3262 2446
./positive/P_20151122_144848_073.jpg  1  1 1 3262 2446
./positive/P_20151122_144848_074.jpg  1  1 1 3262 2446
./positive/P_20151122_144848_075.jpg  1  1 1 3262 2446
./positive/P_20151122_144848_076.jpg  1  1 1 3262 2446
./positive/P_20151122_144848_077.jpg  1  1 1 3262 2446
./positive/P_20151122_144848_078.jpg  1  1 1 3262 2446
./positive/P_20151122_144848_079.jpg  1  1 1 3262 2446
./positive/P_20151122_144848_080.jpg  1  1 1 3262 2446
./positive/P_20151122_144848_081.jpg  1  1 1 3262 2446
./positive/P_20151122_144848_082.jpg  1  1 1 3262 2446
./positive/P_20151122_144848_083.jpg  1  1 1 3262 2446
./positive/P_20151122_144848_084.jpg  1  1 1 3262 2446
./positive/P_20151122_144848_085.jpg  1  1 1 3262 2446
./positive/P_20151122_144848_086.jpg  1  1 1 3262 2446
./positive/P_20151122_144848_087.jpg  1  1 1 3262 2446
./positive/P_20151122_144848_088.jpg  1  1 1 3262 2446
./positive/P_20151122_144848_089.jpg  1  1 1 3262 2446
./positive/P_20151122_144848_090.jpg  1  1 1 3262 2446
./positive/P_20151122_144848_091.jpg  1  1 1 3262 2446
./positive/P_20151122_144848_092.jpg  1  1 1 3262 2446
./positive/P_20151122_144848_093.jpg  1  1 1 3262 2446
./positive/P_20151122_144848_094.jpg  1  1 1 3262 2446
./positive/P_20151122_144848_095.jpg  1  1 1 3262 2446
./positive/P_20151122_144848_096.jpg  1  1 1 3262 2446
./positive/P_20151122_144848_097.jpg  1  1 1 3262 2446
./positive/P_20151122_144848_098.jpg  1  1 1 3262 2446
./positive/P_20151122_144848_099.jpg  1  1 1 3262 2446
./positive/P_20151122_144848_100.jpg  1  1 1 3262 2446
./positive/P_20151122_144931.jpg  1  1 1 3262 2446
./positive/P_20151122_144933.jpg  1  1 1 3262 2446
./positive/P_20151122_144936.jpg  1  1 1 3262 2446
./positive/P_20151122_185216_001.jpg  1  1 1 3262 2446
./positive/P_20151122_185216_002.jpg  1  1 1 3262 2446
./positive/P_20151122_185216_003.jpg  1  1 1 3262 2446
./positive/P_20151122_185216_004.jpg  1  1 1 3262 2446
./positive/P_20151122_185216_005.jpg  1  1 1 3262 2446
./positive/P_20151122_185216_006.jpg  1  1 1 3262 2446
./positive/P_20151122_185216_007.jpg  1  1 1 3262 2446
./positive/P_20151122_185216_008.jpg  1  1 1 3262 2446
./positive/P_20151122_185216_009.jpg  1  1 1 3262 2446
./positive/P_20151122_185216_010.jpg  1  1 1 3262 2446
./positive/P_20151122_185216_011.jpg  1  1 1 3262 2446
./positive/P_20151122_185216_012.jpg  1  1 1 3262 2446
./positive/P_20151122_185216_013.jpg  1  1 1 3262 2446
./positive/P_20151122_185216_014.jpg  1  1 1 3262 2446
./positive/P_20151122_185216_015.jpg  1  1 1 3262 2446
./positive/P_20151122_185216_016.jpg  1  1 1 3262 2446
./positive/P_20151122_185216_017.jpg  1  1 1 3262 2446
./positive/P_20151122_185216_018.jpg  1  1 1 3262 2446
./positive/P_20151122_185216_019.jpg  1  1 1 3262 2446
./positive/P_20151122_185216_020.jpg  1  1 1 3262 2446
./positive/P_20151122_185216_021.jpg  1  1 1 3262 2446
./positive/P_20151122_185216_022.jpg  1  1 1 3262 2446
./positive/P_20151122_185216_023.jpg  1  1 1 3262 2446
./positive/P_20151122_185216_024.jpg  1  1 1 3262 2446
./positive/P_20151122_185216_025.jpg  1  1 1 3262 2446
./positive/P_20151122_185216_026.jpg  1  1 1 3262 2446
./positive/P_20151122_185216_027.jpg  1  1 1 3262 2446
./positive/P_20151122_185216_028.jpg  1  1 1 3262 2446
./positive/P_20151122_185216_029.jpg  1  1 1 3262 2446
./positive/P_20151122_185216_030.jpg  1  1 1 3262 2446
./positive/P_20151122_185216_031.jpg  1  1 1 3262 2446
./positive/P_20151122_185216_032.jpg  1  1 1 3262 2446
./positive/P_20151122_185216_033.jpg  1  1 1 3262 2446
./positive/P_20151122_185216_034.jpg  1  1 1 3262 2446
./positive/P_20151122_185216_035.jpg  1  1 1 3262 2446
./positive/P_20151122_185216_036.jpg  1  1 1 3262 2446
./positive/P_20151122_185216_037.jpg  1  1 1 3262 2446
./positive/P_20151122_185216_038.jpg  1  1 1 3262 2446
./positive/P_20151122_185216_039.jpg  1  1 1 3262 2446
./positive/P_20151122_185216_040.jpg  1  1 1 3262 2446
./positive/P_20151122_185216_041.jpg  1  1 1 3262 2446
./positive/P_20151122_185216_042.jpg  1  1 1 3262 2446
./positive/P_20151122_185216_043.jpg  1  1 1 3262 2446
./positive/P_20151122_185216_044.jpg  1  1 1 3262 2446
./positive/P_20151122_185216_045.jpg  1  1 1 3262 2446
./positive/P_20151122_185216_046.jpg  1  1 1 3262 2446
./positive/P_20151122_185216_047.jpg  1  1 1 3262 2446
./positive/P_20151122_185216_048.jpg  1  1 1 3262 2446
./positive/P_20151122_185216_049.jpg  1  1 1 3262 2446
./positive/P_20151122_185216_050.jpg  1  1 1 3262 2446
./positive/P_20151122_185216_051.jpg  1  1 1 3262 2446
./positive/P_20151122_185216_052.jpg  1  1 1 3262 2446
./positive/P_20151122_185216_053.jpg  1  1 1 3262 2446
./positive/P_20151122_185216_054.jpg  1  1 1 3262 2446
./positive/P_20151122_185216_055.jpg  1  1 1 3262 2446
./positive/P_20151122_185216_056.jpg  1  1 1 3262 2446
./positive/P_20151122_185216_057.jpg  1  1 1 3262 2446
./positive/P_20151122_185216_058.jpg  1  1 1 3262 2446
./positive/P_20151122_185216_059.jpg  1  1 1 3262 2446
./positive/P_20151122_185216_060.jpg  1  1 1 3262 2446
./positive/P_20151122_185216_061.jpg  1  1 1 3262 2446
./positive/P_20151122_185216_062.jpg  1  1 1 3262 2446
./positive/P_20151122_185216_063.jpg  1  1 1 3262 2446
./positive/P_20151122_185216_064.jpg  1  1 1 3262 2446
./positive/P_20151122_185216_065.jpg  1  1 1 3262 2446
./positive/P_20151122_185216_066.jpg  1  1 1 3262 2446
./positive/P_20151122_185216_067.jpg  1  1 1 3262 2446
./positive/P_20151122_185216_068.jpg  1  1 1 3262 2446
./positive/P_20151122_185216_069.jpg  1  1 1 3262 2446
./positive/P_20151122_185216_070.jpg  1  1 1 3262 2446
./positive/P_20151122_185216_071.jpg  1  1 1 3262 2446
./positive/P_20151122_185216_072.jpg  1  1 1 3262 2446
./positive/P_20151122_185216_073.jpg  1  1 1 3262 2446
./positive/P_20151122_185216_074.jpg  1  1 1 3262 2446
./positive/P_20151122_185216_075.jpg  1  1 1 3262 2446
./positive/P_20151122_185216_076.jpg  1  1 1 3262 2446
./positive/P_20151122_185216_077.jpg  1  1 1 3262 2446
./positive/P_20151122_185216_078.jpg  1  1 1 3262 2446
./positive/P_20151122_185216_079.jpg  1  1 1 3262 2446
./positive/P_20151122_185216_080.jpg  1  1 1 3262 2446
./positive/P_20151122_185216_081.jpg  1  1 1 3262 2446
./positive/P_20151122_185216_082.jpg  1  1 1 3262 2446
./positive/P_20151122_185216_083.jpg  1  1 1 3262 2446
./positive/P_20151122_185216_084.jpg  1  1 1 3262 2446
./positive/P_20151122_185216_085.jpg  1  1 1 3262 2446
./positive/P_20151122_185216_086.jpg  1  1 1 3262 2446
./positive/P_20151122_185216_087.jpg  1  1 1 3262 2446
./positive/P_20151122_185216_088.jpg  1  1 1 3262 2446
./positive/P_20151122_185216_089.jpg  1  1 1 3262 2446
./positive/P_20151122_185216_090.jpg  1  1 1 3262 2446
./positive/P_20151122_185216_091.jpg  1  1 1 3262 2446
./positive/P_20151122_185216_092.jpg  1  1 1 3262 2446
./positive/P_20151122_185216_093.jpg  1  1 1 3262 2446
./positive/P_20151122_185216_094.jpg  1  1 1 3262 2446
./positive/P_20151122_185216_095.jpg  1  1 1 3262 2446
./positive/P_20151122_185216_096.jpg  1  1 1 3262 2446
./positive/P_20151122_185216_097.jpg  1  1 1 3262 2446
./positive/P_20151122_185216_098.jpg  1  1 1 3262 2446
./positive/P_20151122_185216_099.jpg  1  1 1 3262 2446
./positive/P_20151122_185216_100.jpg  1  1 1 3262 2446
./positive/P_20151122_185254_001.jpg  1  1 1 3262 2446
./positive/P_20151122_185254_002.jpg  1  1 1 3262 2446
./positive/P_20151122_185254_003.jpg  1  1 1 3262 2446
./positive/P_20151122_185254_004.jpg  1  1 1 3262 2446
./positive/P_20151122_185254_005.jpg  1  1 1 3262 2446
./positive/P_20151122_185254_006.jpg  1  1 1 3262 2446
./positive/P_20151122_185254_007.jpg  1  1 1 3262 2446
./positive/P_20151122_185254_008.jpg  1  1 1 3262 2446
./positive/P_20151122_185254_009.jpg  1  1 1 3262 2446
./positive/P_20151122_185254_010.jpg  1  1 1 3262 2446
./positive/P_20151122_185254_011.jpg  1  1 1 3262 2446
./positive/P_20151122_185254_012.jpg  1  1 1 3262 2446
./positive/P_20151122_185254_013.jpg  1  1 1 3262 2446
./positive/P_20151122_185254_014.jpg  1  1 1 3262 2446
./positive/P_20151122_185254_015.jpg  1  1 1 3262 2446
./positive/P_20151122_185254_016.jpg  1  1 1 3262 2446
./positive/P_20151122_185254_017.jpg  1  1 1 3262 2446
./positive/P_20151122_185254_018.jpg  1  1 1 3262 2446
./positive/P_20151122_185254_019.jpg  1  1 1 3262 2446
./positive/P_20151122_185254_020.jpg  1  1 1 3262 2446
./positive/P_20151122_185254_021.jpg  1  1 1 3262 2446
./positive/P_20151122_185254_022.jpg  1  1 1 3262 2446
./positive/P_20151122_185254_023.jpg  1  1 1 3262 2446
./positive/P_20151122_185254_024.jpg  1  1 1 3262 2446
./positive/P_20151122_185254_025.jpg  1  1 1 3262 2446
./positive/P_20151122_185254_026.jpg  1  1 1 3262 2446
./positive/P_20151122_185254_027.jpg  1  1 1 3262 2446
./positive/P_20151122_185254_028.jpg  1  1 1 3262 2446
./positive/P_20151122_185254_029.jpg  1  1 1 3262 2446
./positive/P_20151122_185254_030.jpg  1  1 1 3262 2446
./positive/P_20151122_185254_031.jpg  1  1 1 3262 2446
./positive/P_20151122_185254_032.jpg  1  1 1 3262 2446
./positive/P_20151122_185254_033.jpg  1  1 1 3262 2446
./positive/P_20151122_185254_034.jpg  1  1 1 3262 2446
./positive/P_20151122_185254_035.jpg  1  1 1 3262 2446
./positive/P_20151122_185254_036.jpg  1  1 1 3262 2446
./positive/P_20151122_185254_037.jpg  1  1 1 3262 2446
./positive/P_20151122_185254_038.jpg  1  1 1 3262 2446
./positive/P_20151122_185254_039.jpg  1  1 1 3262 2446
./positive/P_20151122_185254_040.jpg  1  1 1 3262 2446
./positive/P_20151122_185254_041.jpg  1  1 1 3262 2446
./positive/P_20151122_185254_042.jpg  1  1 1 3262 2446
./positive/P_20151122_185254_043.jpg  1  1 1 3262 2446
./positive/P_20151122_185254_044.jpg  1  1 1 3262 2446
./positive/P_20151122_185254_045.jpg  1  1 1 3262 2446
./positive/P_20151122_185254_046.jpg  1  1 1 3262 2446
./positive/P_20151122_185254_047.jpg  1  1 1 3262 2446
./positive/P_20151122_185254_048.jpg  1  1 1 3262 2446
./positive/P_20151122_185254_049.jpg  1  1 1 3262 2446
./positive/P_20151122_185254_050.jpg  1  1 1 3262 2446
./positive/P_20151122_185254_051.jpg  1  1 1 3262 2446
./positive/P_20151122_185254_052.jpg  1  1 1 3262 2446
./positive/P_20151122_185254_053.jpg  1  1 1 3262 2446
./positive/P_20151122_185254_054.jpg  1  1 1 3262 2446
./positive/P_20151122_185254_055.jpg  1  1 1 3262 2446
./positive/P_20151122_185254_056.jpg  1  1 1 3262 2446
./positive/P_20151122_185254_057.jpg  1  1 1 3262 2446
./positive/P_20151122_185254_058.jpg  1  1 1 3262 2446
./positive/P_20151122_185254_059.jpg  1  1 1 3262 2446
./positive/P_20151122_185254_060.jpg  1  1 1 3262 2446
./positive/P_20151122_185254_061.jpg  1  1 1 3262 2446
./positive/P_20151122_185254_062.jpg  1  1 1 3262 2446
./positive/P_20151122_185254_063.jpg  1  1 1 3262 2446
./positive/P_20151122_185254_064.jpg  1  1 1 3262 2446
./positive/P_20151122_185254_065.jpg  1  1 1 3262 2446
./positive/P_20151122_185254_066.jpg  1  1 1 3262 2446
./positive/P_20151122_185254_067.jpg  1  1 1 3262 2446
./positive/P_20151122_185254_068.jpg  1  1 1 3262 2446
./positive/P_20151122_185254_069.jpg  1  1 1 3262 2446
./positive/P_20151122_185254_070.jpg  1  1 1 3262 2446
./positive/P_20151122_185254_071.jpg  1  1 1 3262 2446
./positive/P_20151122_185254_072.jpg  1  1 1 3262 2446
./positive/P_20151122_185254_073.jpg  1  1 1 3262 2446
./positive/P_20151122_185254_074.jpg  1  1 1 3262 2446
./positive/P_20151122_185254_075.jpg  1  1 1 3262 2446
./positive/P_20151122_185254_076.jpg  1  1 1 3262 2446
./positive/P_20151122_185254_077.jpg  1  1 1 3262 2446
./positive/P_20151122_185254_078.jpg  1  1 1 3262 2446
./positive/P_20151122_185254_079.jpg  1  1 1 3262 2446
./positive/P_20151122_185254_080.jpg  1  1 1 3262 2446
./positive/P_20151122_185254_081.jpg  1  1 1 3262 2446
./positive/P_20151122_185254_082.jpg  1  1 1 3262 2446
./positive/P_20151122_185254_083.jpg  1  1 1 3262 2446
./positive/P_20151122_185254_084.jpg  1  1 1 3262 2446
./positive/P_20151122_185254_085.jpg  1  1 1 3262 2446
./positive/P_20151122_185254_086.jpg  1  1 1 3262 2446
./positive/P_20151122_185254_087.jpg  1  1 1 3262 2446
./positive/P_20151122_185254_088.jpg  1  1 1 3262 2446
./positive/P_20151122_185254_089.jpg  1  1 1 3262 2446
./positive/P_20151122_185254_090.jpg  1  1 1 3262 2446
./positive/P_20151122_185254_091.jpg  1  1 1 3262 2446
./positive/P_20151122_185254_092.jpg  1  1 1 3262 2446
./positive/P_20151122_185254_093.jpg  1  1 1 3262 2446
./positive/P_20151122_185254_094.jpg  1  1 1 3262 2446
./positive/P_20151122_185254_095.jpg  1  1 1 3262 2446
./positive/P_20151122_185254_096.jpg  1  1 1 3262 2446
./positive/P_20151122_185254_097.jpg  1  1 1 3262 2446
./positive/P_20151122_185254_098.jpg  1  1 1 3262 2446
./positive/P_20151122_185254_099.jpg  1  1 1 3262 2446
./positive/P_20151122_185254_100.jpg  1  1 1 3262 2446